 TARGET_CORE_DIE:2
                    Level 1          Level 2      Level 3          DIE0                            DIE1                            DIE2                            DIE3                            DIE4                            DIE5                            DIE6                            DIE7
                                                                   CCM0    CCM1    CCM2    CCM3    CCM0    CCM1    CCM2    CCM3    CCM0    CCM1    CCM2    CCM3    CCM0    CCM1    CCM2    CCM3    CCM0    CCM1    CCM2    CCM3    CCM0    CCM1    CCM2    CCM3    CCM0    CCM1    CCM2    CCM3    CCM0    CCM1    CCM2    CCM3
                    Request to DRAM
                    |-               RdBlkAny                      0       264 K   0       7651    0       5493    0       14 K    216 M   0       9360    0       0       5231    0       15 K    0       5973    0       8341    0       1545    0       7375    0       2322    0       4906    0       0       0       10 K
                    |                |-           RdBlkL           0       264 K   0       7651    0       5490    0       14 K    214 M   0       9337    0       0       5229    0       15 K    0       5952    0       8340    0       1545    0       7372    0       2320    0       4905    0       0       0       10 K
                    |                |-           RdBlkS           0       0       0       0       0       0       0       0       0       0       0       0       0       0       0       0       0       0       0       0       0       0       0       0       0       0       0       0       0       0       0       0
                    |                |-           RdBlkX           0       30      0       0       0       3       0       0       38 K    0       22      0       0       2       0       1       0       3       0       0       0       2       0       2       0       1       0       0       0       1       0       1
                    |                |_           RdBlkC           0       0       0       0       0       0       0       0       2193 K  0       1       0       0       0       0       0       0       0       0       0       0       0       0       0       0       0       0       0       0       0       0       0
                    |-               SpecDramRd                    0       48 K    0       1208    0       5752    0       1808    12 M    0       3097    0       0       3142    0       3672    0       2232    0       2812    0       3813    0       2033    0       2809    0       1615    0       1582    0       5614
                    |-               RdSz                          0       0       0       0       0       0       0       0       0       0       0       0       0       0       0       0       0       0       0       0       0       0       0       0       0       0       0       0       0       0       0       0
                    |                |_           RdSzNC           0       0       0       0       0       0       0       0       0       0       0       0       0       0       0       0       0       0       0       0       0       0       0       0       0       0       0       0       0       0       0       0
                    |-               WrSz                          0       0       0       0       0       0       0       0       0       0       0       0       0       0       0       0       0       0       0       0       0       0       0       0       0       0       0       0       0       0       0       0
                    |                |-           WrSzFullNC       0       0       0       0       0       0       0       0       0       0       0       0       0       0       0       0       0       0       0       0       0       0       0       0       0       0       0       0       0       0       0       0
                    |                |_           WrSzFullZero     0       0       0       0       0       0       0       0       0       0       0       0       0       0       0       0       0       0       0       0       0       0       0       0       0       0       0       0       0       0       0       0
                    |-               OrdWrSz                       0       0       0       0       0       0       0       0       0       0       0       0       0       0       0       0       0       0       0       0       0       0       0       0       0       0       0       0       0       0       0       0
                    |                |-           OrdWrSzFullNC    0       0       0       0       0       0       0       0       0       0       0       0       0       0       0       0       0       0       0       0       0       0       0       0       0       0       0       0       0       0       0       0
                    |                |_           OrdWrSzFullZero  0       0       0       0       0       0       0       0       0       0       0       0       0       0       0       0       0       0       0       0       0       0       0       0       0       0       0       0       0       0       0       0
                    |-               VICBLKCLN                     0       133 K   0       937     0       1753    0       2364    174 M   0       3202    0       0       3187    0       1840    0       1032    0       0       0       778     0       0       0       606     0       0       0       336     0       1046
                    |-               VICBLKFULL                    0       36 K    0       103     0       263     0       254     63 M    0       460     0       0       248     0       188     0       53      0       0       0       45      0       0       0       78      0       0       0       10      0       126
                    |-               WBINV                         0       0       0       0       0       0       0       0       466     0       0       0       0       0       0       0       0       0       0       0       0       0       0       0       0       0       0       0       0       0       0       0
                    |-               ICINV                         0       0       0       0       0       0       0       0       0       0       0       0       0       0       0       0       0       0       0       0       0       0       0       0       0       0       0       0       0       0       0       0
                    |_               CHGTOX                        0       8433    0       1       0       34      0       15      38 K    0       342     0       0       37      0       34      0       133     0       0       0       28      0       0       0       7       0       0       0       11      0       12
                    Request to IO
                    |-               RDSIZED                       0       0       0       0       0       0       0       0       0       0       0       0       0       0       0       0       0       0       0       0       0       0       0       0       0       0       0       0       0       0       0       0
                    |-               WrSizedANY                    0       0       0       0       0       0       0       0       0       0       0       0       0       0       0       0       0       0       0       0       0       0       0       0       0       0       0       0       0       0       0       0
                    |                |-           WrSizedFull      0       0       0       0       0       0       0       0       0       0       0       0       0       0       0       0       0       0       0       0       0       0       0       0       0       0       0       0       0       0       0       0
                    |                |-           WrSizedNP        0       0       0       0       0       0       0       0       0       0       0       0       0       0       0       0       0       0       0       0       0       0       0       0       0       0       0       0       0       0       0       0
                    |                |_           WrSizedFullNP    0       0       0       0       0       0       0       0       0       0       0       0       0       0       0       0       0       0       0       0       0       0       0       0       0       0       0       0       0       0       0       0
                    Request to PIE
                    |-               APIC                          0       460     0       41      0       26      0       52      0       173 K   0       49      0       21      0       54      0       84      0       249     0       27      0       48      0       43      0       39      0       21      0       67
                    |-               APIC_Ucode                    0       307     0       10      0       7       0       13      0       58 K    0       12      0       6       0       13      0       43      0       89      0       8       0       13      0       15      0       10      0       6       0       16
                    |-               FAST_TPR_WR                   0       0       0       0       0       0       0       0       0       0       0       0       0       0       0       0       0       0       0       0       0       0       0       0       0       0       0       0       0       0       0       0
                    |_               Lock                          0       0       0       0       0       0       0       0       0       0       0       0       0       0       0       0       0       0       0       0       0       0       0       0       0       0       0       0       0       0       0       0
