 Level 1           Level 2      DIE0                            DIE1                            DIE2                            DIE3                            DIE4                            DIE5                            DIE6                            DIE7
                                CCM0    CCM1    CCM2    CCM3    CCM0    CCM1    CCM2    CCM3    CCM0    CCM1    CCM2    CCM3    CCM0    CCM1    CCM2    CCM3    CCM0    CCM1    CCM2    CCM3    CCM0    CCM1    CCM2    CCM3    CCM0    CCM1    CCM2    CCM3    CCM0    CCM1    CCM2    CCM3
 Data Transfer                  11 K    41 K    808     2400    586     2664    123     586     43 K    12 K    792     494     918     2680    356     1055    1534    4061    1174    2652    638     1846    144     1071    833     1977    133     371     839     726     603     1293
 No Data Transfer               2238    23 K    8475    52 K    509     21 K    685     20 K    12 K    28 K    28 K    30 K    1012    23 K    896     20 K    1777    11 K    1221    8208    467     10 K    721     9034    1086    9976    719     8990    853     10 K    594     8594
 State/PassD                    13 K    63 K    9286    53 K    1098    24 K    808     20 K    55 K    40 K    28 K    31 K    1931    26 K    1253    22 K    3331    14 K    2403    10 K    1106    12 K    868     10 K    1932    12 K    857     9371    1705    11 K    1219    10 K
 |-                Inv_NoPassD  2299    23 K    8479    52 K    509     21 K    685     20 K    12 K    28 K    28 K    30 K    1013    23 K    896     20 K    1775    11 K    1226    8294    468     10 K    722     9042    827     9999    721     8995    795     10 K    595     8603
 |-                Inv_PassD    6949    18 K    484     352     300     507     85      208     20 K    2964    358     138     466     540     227     332     923     1310    767     1171    327     435     103     258     437     372     96      119     529     309     260     245
 |-                Shr_NoPassD  2498    10 K    189     243     163     222     12      36      5803    4507    136     472     250     316     62      304     267     650     201     215     144     401     8       197     243     1162    7       6       79      24      193     522
 |-                Shr_PassD    2019    11 K    132     158     122     1861    24      302     17 K    4540    293     224     200     1919    66      686     311     1547    204     848     165     1593    32      543     155     1030    29      240     196     537     166     723
 |-                Exc_NoPassD  3       0       0       0       0       0       0       0       0       2       0       6       0       0       0       0       50      40      1       0       0       0       0       0       265     0       0       0       95      0       0       0
 |-                Exc_PassD    0       0       0       0       0       0       0       0       0       0       0       0       0       0       0       0       0       0       0       0       0       0       0       0       0       0       0       0       0       0       0       0
 |-                Owned        111     35      0       2       1       21      0       25      37      40      1       10      0       29      0       16      4       34      1       203     0       42      1       14      1       21      2       8       8       16      2       10
 |_                Forward      0       0       0       0       0       0       0       0       0       0       0       0       0       0       0       0       0       0       0       0       0       0       0       0       0       0       0       0       0       0       0       0
 PrbSrc                         18 K    89 K    10 K    43 K    1238    23 K    1154    16 K    69 K    42 K    31 K    25 K    2043    25 K    1592    17 K    3999    16 K    2775    11 K    1386    14 K    1469    10 K    1894    14 K    1319    10 K    1379    12 K    1719    10 K
 PrbTgt                         36      195     0       90      3       78      0       30      6203    43      312     7       0       45      0       30      106     245     15      113     1       188     1       101     1155    179     2       101     10      174     14      99
