 TARGET_CORE_DIE:2
                    Level 1          Level 2      Level 3          DIE0                            DIE1                            DIE2                            DIE3                            DIE4                            DIE5                            DIE6                            DIE7
                                                                   CCM0    CCM1    CCM2    CCM3    CCM0    CCM1    CCM2    CCM3    CCM0    CCM1    CCM2    CCM3    CCM0    CCM1    CCM2    CCM3    CCM0    CCM1    CCM2    CCM3    CCM0    CCM1    CCM2    CCM3    CCM0    CCM1    CCM2    CCM3    CCM0    CCM1    CCM2    CCM3
                    Request to DRAM
                    |-               RdBlkAny                      0       219 K   0       45 K    0       77 K    0       8173    115 M   0       118 M   0       0       5640    0       19 K    0       1214    0       6282    0       10 K    0       13 K    0       1083    0       1216    0       17      0       2793
                    |                |-           RdBlkL           0       219 K   0       45 K    0       77 K    0       8160    112 M   0       115 M   0       0       5628    0       19 K    0       1402    0       5622    0       10 K    0       13 K    0       1083    0       1215    0       17      0       2787
                    |                |-           RdBlkS           0       0       0       0       0       0       0       0       26      0       24      0       0       0       0       0       0       0       0       0       0       0       0       0       0       0       0       0       0       0       0       0
                    |                |-           RdBlkX           0       65      0       7       0       12      0       1       214 K   0       154 K   0       0       9       0       4       0       0       0       1       0       0       0       22      0       0       0       0       0       0       0       3
                    |                |_           RdBlkC           0       49      0       54      0       61      0       10      2577 K  0       2836 K  0       0       1       0       6       0       0       0       658     0       10      0       45      0       1       0       0       0       0       0       3
                    |-               SpecDramRd                    0       32 K    0       23 K    0       52 K    0       2785    11 M    0       11 M    0       0       3881    0       8704    0       172     0       2061    0       1254    0       9242    0       1330    0       613     0       57      0       1416
                    |-               RdSz                          0       0       0       0       0       0       0       0       0       0       0       0       0       0       0       0       0       0       0       0       0       0       0       0       0       0       0       0       0       0       0       0
                    |                |_           RdSzNC           0       0       0       0       0       0       0       0       0       0       0       0       0       0       0       0       0       0       0       0       0       0       0       0       0       0       0       0       0       0       0       0
                    |-               WrSz                          0       0       0       0       0       0       0       0       0       0       0       0       0       0       0       0       0       0       0       0       0       0       0       0       0       0       0       0       0       0       0       0
                    |                |-           WrSzFullNC       0       0       0       0       0       0       0       0       0       0       0       0       0       0       0       0       0       0       0       0       0       0       0       0       0       0       0       0       0       0       0       0
                    |                |_           WrSzFullZero     0       0       0       0       0       0       0       0       0       0       0       0       0       0       0       0       0       0       0       0       0       0       0       0       0       0       0       0       0       0       0       0
                    |-               OrdWrSz                       0       0       0       0       0       0       0       0       0       0       0       0       0       0       0       0       0       0       0       0       0       0       0       0       0       0       0       0       0       0       0       0
                    |                |-           OrdWrSzFullNC    0       0       0       0       0       0       0       0       0       0       0       0       0       0       0       0       0       0       0       0       0       0       0       0       0       0       0       0       0       0       0       0
                    |                |_           OrdWrSzFullZero  0       0       0       0       0       0       0       0       0       0       0       0       0       0       0       0       0       0       0       0       0       0       0       0       0       0       0       0       0       0       0       0
                    |-               VICBLKCLN                     0       52 K    0       20 K    0       31 K    0       1917    63 M    0       69 M    0       0       508     0       2664    0       0       0       648     0       443     0       1163    0       91      0       0       0       0       0       611
                    |-               VICBLKFULL                    0       36 K    0       5098    0       7264    0       324     30 M    0       32 M    0       0       121     0       402     0       0       0       25      0       88      0       94      0       13      0       0       0       0       0       177
                    |-               WBINV                         0       0       0       0       0       0       0       0       1       0       159     0       0       0       0       0       0       0       0       0       0       0       0       0       0       0       0       0       0       0       0       0
                    |-               ICINV                         0       0       0       0       0       0       0       0       0       0       0       0       0       0       0       0       0       0       0       0       0       0       0       0       0       0       0       0       0       0       0       0
                    |_               CHGTOX                        0       13 K    0       3       0       83      0       3       1264 K  0       1147 K  0       0       3       0       0       0       0       0       0       0       0       0       5       0       0       0       0       0       0       0       18
                    Request to IO
                    |-               RDSIZED                       0       0       0       0       0       0       0       0       0       0       0       0       0       0       0       0       0       0       0       0       0       0       0       0       0       0       0       0       0       0       0       0
                    |-               WrSizedANY                    0       0       0       0       0       0       0       0       0       0       0       0       0       0       0       0       0       0       0       0       0       0       0       0       0       0       0       0       0       0       0       0
                    |                |-           WrSizedFull      0       0       0       0       0       0       0       0       0       0       0       0       0       0       0       0       0       0       0       0       0       0       0       0       0       0       0       0       0       0       0       0
                    |                |-           WrSizedNP        0       0       0       0       0       0       0       0       0       0       0       0       0       0       0       0       0       0       0       0       0       0       0       0       0       0       0       0       0       0       0       0
                    |                |_           WrSizedFullNP    0       0       0       0       0       0       0       0       0       0       0       0       0       0       0       0       0       0       0       0       0       0       0       0       0       0       0       0       0       0       0       0
                    Request to PIE
                    |-               APIC                          0       685     0       227     0       635     0       57      0       59 K    0       64 K    0       127     0       109     0       73      0       196     0       128     0       53      0       72      0       38      0       73      0       56
                    |-               APIC_Ucode                    0       371     0       60      0       162     0       14      0       18 K    0       20 K    0       34      0       27      0       28      0       66      0       45      0       10      0       18      0       9       0       21      0       13
                    |-               FAST_TPR_WR                   0       0       0       0       0       0       0       0       0       0       0       0       0       0       0       0       0       0       0       0       0       0       0       0       0       0       0       0       0       0       0       0
                    |_               Lock                          0       0       0       0       0       0       0       0       0       0       0       0       0       0       0       0       0       0       0       0       0       0       0       0       0       0       0       0       0       0       0       0
