 Level 1           Level 2      DIE0                            DIE1                            DIE2                            DIE3                            DIE4                            DIE5                            DIE6                            DIE7
                                CCM0    CCM1    CCM2    CCM3    CCM0    CCM1    CCM2    CCM3    CCM0    CCM1    CCM2    CCM3    CCM0    CCM1    CCM2    CCM3    CCM0    CCM1    CCM2    CCM3    CCM0    CCM1    CCM2    CCM3    CCM0    CCM1    CCM2    CCM3    CCM0    CCM1    CCM2    CCM3
 Data Transfer                  21 K    112 K   5256    11 K    6109    20 K    352     1171    9816 K  279 K   8208 K  277 K   892     1909    752     2721    331     681     1480    2613    841     589     350     361     366     572     66      18      195     238     328     509
 No Data Transfer               7285    202 K   24 K    300 K   4604    203 K   6898    207 K   12 M    163 K   10 M    153 K   1235    182 K   1310    187 K   1567    6682    932     6003    1025    7036    497     6733    314     6459    216     6100    521     6735    210     6563
 State/PassD                    28 K    317 K   29 K    311 K   10 K    222 K   7257    208 K   22 M    444 K   18 M    434 K   2143    184 K   2065    189 K   1941    7953    2430    8643    1926    7996    871     7451    729     7223    290     6274    742     7055    541     7358
 |-                Inv_NoPassD  7349    202 K   24 K    300 K   4608    203 K   6904    208 K   12 M    166 K   10 M    157 K   1235    182 K   1312    187 K   1568    6783    949     6024    1037    7059    513     6740    314     6465    224     6108    521     6761    213     6569
 |-                Inv_PassD    11 K    53 K    2927    1171    4037    4901    224     207     6763 K  173 K   5594 K  176 K   652     547     505     407     268     324     920     1083    481     134     223     121     267     222     54      0       169     209     220     145
 |-                Shr_NoPassD  3766    29 K    845     5726    1022    5777    56      124     1881 K  31 K    1463 K  29 K    93      551     127     348     54      367     182     260     137     296     47      198     41      70      7       22      18      9       49      254
 |-                Shr_PassD    6100    32 K    1331    4443    1078    8173    70      509     1147 K  71 K    1138 K  69 K    161     1196    119     1302    48      455     374     979     258     493     75      387     104     454     5       128     32      71      58      381
 |-                Exc_NoPassD  0       0       0       214     0       0       0       0       0       0       0       0       0       0       0       0       0       0       2       0       0       0       0       0       0       0       0       0       0       0       0       0
 |-                Exc_PassD    0       0       0       0       0       0       0       0       0       0       0       0       0       0       0       0       0       0       0       0       0       0       0       0       0       0       0       0       0       0       0       0
 |-                Owned        290     20      136     22      1       124     0       12      6451    697     9073    848     0       10      0       24      0       22      0       295     12      12      12      3       1       10      0       13      0       2       0       7
 |_                Forward      0       0       0       0       0       0       0       0       6       0       10      0       0       0       0       0       0       0       0       0       0       0       0       0       0       0       0       0       0       0       0       0
 PrbSrc                         46 K    390 K   30 K    294 K   13 K    219 K   7820    206 K   8737 K  518 K   8721 K  522 K   2392    185 K   2579    187 K   1937    9255    3343    10 K    1540    8465    1359    8541    859     7987    442     7376    691     7825    1009    8874
 PrbTgt                         268     16 K    90      13 K    1       1219    0       1062    12 M    403     12 M    429     0       466     0       485     12      851     17      959     28      1060    10      623     0       669     0       578     0       677     0       754
