 TARGET_CORE_DIE:2
                    Level 1          Level 2      Level 3          DIE0                            DIE1                            DIE2                            DIE3                            DIE4                            DIE5                            DIE6                            DIE7
                                                                   CCM0    CCM1    CCM2    CCM3    CCM0    CCM1    CCM2    CCM3    CCM0    CCM1    CCM2    CCM3    CCM0    CCM1    CCM2    CCM3    CCM0    CCM1    CCM2    CCM3    CCM0    CCM1    CCM2    CCM3    CCM0    CCM1    CCM2    CCM3    CCM0    CCM1    CCM2    CCM3
                    Request to DRAM
                    |-               RdBlkAny                      0       2474 K  0       1433 K  0       3658 K  0       2445 K  4630 K  0       3464 K  0       0       279 K   0       1163 K  0       46      0       18      0       7218    0       23      0       0       0       0       0       7       0       300
                    |                |-           RdBlkL           0       2234 K  0       1363 K  0       3421 K  0       2330 K  4375 K  0       3213 K  0       0       267 K   0       1073 K  0       40      0       18      0       7084    0       21      0       0       0       0       0       7       0       297
                    |                |-           RdBlkS           0       0       0       0       0       0       0       0       23      0       31      0       0       0       0       0       0       0       0       0       0       0       0       0       0       0       0       0       0       0       0       0
                    |                |-           RdBlkX           0       5890    0       4020    0       11 K    0       9393    35 K    0       36 K    0       0       2875    0       3592    0       0       0       0       0       0       0       1       0       0       0       0       0       0       0       3
                    |                |_           RdBlkC           0       188 K   0       65 K    0       256 K   0       105 K   218 K   0       215 K   0       0       16 K    0       86 K    0       0       0       0       0       0       0       0       0       0       0       0       0       0       0       0
                    |-               SpecDramRd                    0       1084 K  0       763 K   0       1365 K  0       1119 K  2030 K  0       1912 K  0       0       424 K   0       624 K   0       11      0       27      0       363     0       25      0       10      0       0       0       37      0       315
                    |-               RdSz                          0       0       0       0       0       0       0       0       0       0       0       0       0       0       0       0       0       0       0       0       0       0       0       0       0       0       0       0       0       0       0       0
                    |                |_           RdSzNC           0       0       0       0       0       0       0       0       0       0       0       0       0       0       0       0       0       0       0       0       0       0       0       0       0       0       0       0       0       0       0       0
                    |-               WrSz                          0       0       0       0       0       0       0       0       0       0       0       0       0       0       0       0       0       0       0       0       0       0       0       0       0       0       0       0       0       0       0       0
                    |                |-           WrSzFullNC       0       0       0       0       0       0       0       0       0       0       0       0       0       0       0       0       0       0       0       0       0       0       0       0       0       0       0       0       0       0       0       0
                    |                |_           WrSzFullZero     0       0       0       0       0       0       0       0       0       0       0       0       0       0       0       0       0       0       0       0       0       0       0       0       0       0       0       0       0       0       0       0
                    |-               OrdWrSz                       0       0       0       0       0       0       0       0       0       0       0       0       0       0       0       0       0       0       0       0       0       0       0       0       0       0       0       0       0       0       0       0
                    |                |-           OrdWrSzFullNC    0       0       0       0       0       0       0       0       0       0       0       0       0       0       0       0       0       0       0       0       0       0       0       0       0       0       0       0       0       0       0       0
                    |                |_           OrdWrSzFullZero  0       0       0       0       0       0       0       0       0       0       0       0       0       0       0       0       0       0       0       0       0       0       0       0       0       0       0       0       0       0       0       0
                    |-               VICBLKCLN                     0       1187 K  0       508 K   0       1569 K  0       815 K   1307 K  0       1506 K  0       0       27 K    0       466 K   0       51      0       72      0       244     0       140     0       0       0       66      0       0       0       209
                    |-               VICBLKFULL                    0       150 K   0       175 K   0       177 K   0       240 K   189 K   0       261 K   0       0       7167    0       159 K   0       0       0       23      0       52      0       0       0       0       0       0       0       0       0       38
                    |-               WBINV                         0       10      0       1       0       0       0       0       0       0       0       0       0       0       0       0       0       0       0       0       0       0       0       0       0       0       0       0       0       0       0       0
                    |-               ICINV                         0       0       0       0       0       0       0       0       0       0       0       0       0       0       0       0       0       0       0       0       0       0       0       0       0       0       0       0       0       0       0       0
                    |_               CHGTOX                        0       51 K    0       25 K    0       61 K    0       48 K    189 K   0       304 K   0       0       44 K    0       2001    0       0       0       0       0       0       0       1       0       0       0       0       0       0       0       17
                    Request to IO
                    |-               RDSIZED                       0       0       0       0       0       0       0       0       0       0       0       0       0       0       0       0       0       0       0       0       0       0       0       0       0       0       0       0       0       0       0       0
                    |-               WrSizedANY                    0       0       0       0       0       0       0       0       0       0       0       0       0       0       0       0       0       0       0       0       0       0       0       0       0       0       0       0       0       0       0       0
                    |                |-           WrSizedFull      0       0       0       0       0       0       0       0       0       0       0       0       0       0       0       0       0       0       0       0       0       0       0       0       0       0       0       0       0       0       0       0
                    |                |-           WrSizedNP        0       0       0       0       0       0       0       0       0       0       0       0       0       0       0       0       0       0       0       0       0       0       0       0       0       0       0       0       0       0       0       0
                    |                |_           WrSizedFullNP    0       0       0       0       0       0       0       0       0       0       0       0       0       0       0       0       0       0       0       0       0       0       0       0       0       0       0       0       0       0       0       0
                    Request to PIE
                    |-               APIC                          0       15 K    0       7685    0       19 K    0       25 K    0       27 K    0       32 K    0       15 K    0       14 K    0       386     0       229     0       211     0       54      0       75      0       46      0       69      0       62
                    |-               APIC_Ucode                    0       2725    0       1539    0       4264    0       6351    0       9024    0       8362    0       4305    0       4165    0       145     0       78      0       52      0       11      0       19      0       11      0       19      0       15
                    |-               FAST_TPR_WR                   0       0       0       0       0       0       0       0       0       0       0       0       0       0       0       0       0       0       0       0       0       0       0       0       0       0       0       0       0       0       0       0
                    |_               Lock                          0       0       0       0       0       0       0       0       0       0       0       0       0       0       0       0       0       0       0       0       0       0       0       0       0       0       0       0       0       0       0       0
